125 125 250 125 125 
  125 125 250 125 125
  125 125 250 125 125
  125 125 375 125 
  
  125 125 250 125 125 
  125 125 250 125 125
  125 125 250 125 125
  125 125 375 125 
  
  125 125 250 125 125 
  125 125 250 125 125
  125 125 250 125 125
  125 125 125 250 125

  125 125 250 125 125 
  250 125 250 125 
  125 125 250 125 125
  125 125 375 375

  250 125
  125 125 250 125 125
  125 125 250 125 125
  125 125 375 125 
  
  125 125 250 125 125 
  125 125 250 125 125
  125 125 250 125 125
  125 125 375 125 
  
  125 125 250 125 125 
  125 125 250 125 125
  125 125 250 125 125
  125 125 125 250 125

  125 125 250 125 125 
  250 125 250 125 
  125 125 250 125 125
  125 125 375 375
  
  250 125 375 250 125 375
  125 125 125 125 125 125 125 125 375
  250 125 375 250 125 375
  125 125 125 125 125 500

  250 125 375 250 125 375
  125 125 125 125 125 125 125 125 375
  250 125 375 250 125 375
125 125 125 125 125 500
